1864
491.625 366.66 0
465.9375 374.07 136.5
700.9375 327.02 55
599.75 356.6 193.5
797.0625 339.54 170.5
540.8125 389.6 457.5
461.6875 414.13 428
611.1875 363.6 287.5
787.5 339.53 208
640.3125 376.77 361
759.125 361.35 355.5
521.0625 391.4 492
673.1875 368.46 521.5
711.75 376.31 497
756.5625 354.53 575.5
468.5 369.59 71
688.5625 328.5 12.5
676.375 329.85 86.5
795.625 341.14 105.5
487.5 387.26 271
510.625 398.04 357
647.5625 345.42 219
773.8125 339.81 208.5
658.375 369.93 352
798.5 357.34 336
505.875 390.6 470.5
654.6875 381.34 482
720.4375 366.53 520.5
627.75 392.47 573.5
514.25 363.45 68.5
581.4375 350.52 102
483 389.62 194
543.1875 375.48 175.5
594.3125 359.91 242.5
763.875 342.04 247
586.3125 381.97 403.5
707.9375 357.23 314.5
470.5625 420.03 489
610.9375 381.71 478.5
701.4375 374.93 449.5
547.625 384.2 590.5
689.875 362.02 562
791.625 354.85 418.5
537.5 357.1 38
633 345.2 20.5
643.9375 344.7 64.5
797.3125 339.4 113.5
519.9375 370.31 162
593.25 364.61 226.5
766.625 347.37 231
525.375 400.68 326.5
741.125 362.06 401
612.4375 387.21 420.5
664.5625 375.7 450
747.25 359.62 505
726.125 357.87 545
780.3125 355.6 478
551.0625 356.14 72
681.25 327.95 47.5
470.25 385.25 182.5
587.1875 364.22 154.5
645.3125 347.34 188
557.6875 383.98 297
542.125 395.72 350.5
705.9375 365.71 395.5
592.375 379.52 411.5
557.75 406.54 516.5
645.6875 389.95 522
542.5625 401.45 581.5
781.625 344.01 253
499.9375 365.72 79
615.875 356.75 13.5
598.25 350.36 90.5
734.875 336.34 91.5
462.75 423.71 393
562.125 371.24 250.5
652.9375 346.9 247
603.4375 384.3 402.5
638.9375 371.73 395.5
478.4375 420.12 587.5
521.5625 392.87 509
713.125 367.7 507
672.1875 363.83 552
788.25 353.67 473
514.1875 369.37 170.5
646.4375 345.36 34
609.5 348.89 99
721.3125 339.48 131.5
530.8125 377.91 203.5
472.625 408.26 397.5
613.6875 355.49 239
602.625 379.92 305.5
767.1875 353.96 279.5
571.75 379.61 410
673.3125 372.89 425
483.4375 399.74 481.5
559.25 377.97 473
648.1875 380.01 573.5
671.4375 355.68 595
471.75 369.87 10
488.25 372.56 184
544.4375 362.84 106
627.75 350.6 171.5
689 341.07 185
498.4375 397.43 296
595.25 360.59 239.5
580.75 379.9 323.5
673.3125 359.14 301.5
622.5625 375.91 369.5
785.3125 354.18 363.5
516.8125 400.54 491
570.6875 381.21 505.5
539.9375 402.83 554
701.0625 351.1 561
25.75 436.54 20
98 419.33 3.5
100.9375 432.18 116.5
107.4375 440.5 170
192 430.75 187
19.375 455.37 407
50.75 444.46 265.5
269.1875 423.33 193.5
85.1875 442.59 335
132.4375 445.78 426
202.6875 442.09 402
373.75 381.57 53
431.8125 389.53 168
340.5625 417.6 235.5
401.0625 410.77 294
375.625 428.47 383.5
440.1875 418.34 370
146 450.29 457
288.9375 450.55 467
245.125 452.35 595
398.1875 445.31 585.5
351.75 448.1 593.5
45.25 428.77 45.5
62.25 428.14 106
130.1875 416.53 152.5
177.6875 424.51 175
2.1875 452.26 396
144.875 433.44 321.5
206.625 440.35 322.5
135 434.2 377.5
184.5625 441.83 327.5
278.75 449.84 410
404.5625 389.66 150
360.4375 402.54 155
390.75 405.64 231.5
312.8125 437.43 339.5
305.5625 444.89 433.5
18.5625 437.72 539.5
141.625 457.34 493.5
205 457.58 520.5
400.5625 441.3 460.5
444.8125 414.25 496.5
95.3125 416.03 7.5
193.9375 412.76 11
182.875 411.58 92
83.1875 443.81 240.5
135 434.5 241.5
81.25 434.11 298
182.75 433.95 284
7.0625 458.16 371
75.75 441.48 467
211.1875 455.29 515.5
172 458.09 464.5
269.5625 394.93 11
414.625 379.77 15.5
308.9375 420.71 187
403.875 388.3 156
288.6875 423.93 274
350.3125 416.31 346
433.9375 416.59 397
295.75 453.67 525.5
403.4375 441.88 475
385.625 440.26 577.5
110.4375 418.91 8.5
237.3125 401.8 15.5
37.6875 442.67 192
152.875 428.7 192
3.3125 450.98 314
113.1875 442.4 302.5
20.4375 458.96 334
118 441.3 434.5
91.875 445.39 581.5
367.6875 388.02 72
453.875 369.13 15.5
290.4375 426.9 241.5
242.6875 436 320.5
188.875 412.64 124
207.0625 427.31 227.5
205.5625 443.46 328
96.1875 442.65 468
99.5625 452.57 561.5
371.6875 382.09 35
440.375 373.46 44.5
320.6875 412.6 175
400.875 400.73 197
250.8125 449.8 372.5
433.625 436.64 394.5
314.375 453.07 529.5
451.4375 427.46 506
291 457.41 567.5
95.1875 428.53 110
136.3125 424.76 111.5
73.875 434.45 201.5
177.5625 428.63 191
1.0625 453.68 297.5
73.375 441.63 345.5
173.125 449.29 364
33.125 439.32 463
181.625 447.83 446.5
132 454.51 587.5
362.8125 385.83 17
318.8125 395.67 119.5
251.375 422.91 199.5
343.875 415.08 224
252.375 444.21 309
361.75 422.57 364
404.125 424.71 400
293 452.4 475.5
416.5625 436.77 484.5
408.125 439.94 557
95 420.89 25
216.9375 401.31 28.5
104.5 437 158
240.75 408.31 175.5
108.25 440 325.5
190.625 431.74 296.5
80.125 439.2 453.5
118.375 452.17 494
171.1875 457.43 536.5
297.125 397.37 117.5
308.125 409.25 175
329.4375 421.44 210
284.25 435.69 375
165.5 434.37 239.5
219.5625 434.72 317
2.6875 444.87 484.5
186.9375 451.94 471.5
172.6875 458.09 537
334.4375 395.16 128
294.4375 402.47 160
435.8125 381.81 142.5
248.3125 450.1 398
380.4375 420.33 345
350.25 447.45 479
279.1875 456.81 557
8.5 433.58 56
146.6875 406.09 22
97.9375 427.98 89.5
209.1875 408.42 93.5
228.5625 416.71 159.5
437.5625 371.7 21.5
293.375 427.84 179.5
435.9375 378.29 169
140.9375 428.84 207
185.4375 432.08 308
390.8125 396.8 207
429.625 390.9 215
404.6875 418.28 333
396.3125 432.87 482
9.375 451.6 414.5
91.3125 439.81 279.5
72.25 437.55 447.5
256.5 439.16 397
9.5625 439.98 495.5
141.6875 463.08 557
153.1875 456.68 581
327.25 442.64 405
373.1875 441.62 508
340.6875 448.82 595.5
154.1875 422.38 65
103.3125 427.51 125.5
237.75 410.84 118
334.5 391.79 50.5
301.6875 396.66 89
390.4375 393.36 163
97.625 435.5 160.5
149.9375 431.88 233.5
106.625 431.3 340
290.1875 434.02 283
411.9375 408.25 308
436 414.39 389
452.8125 415 540.5
51.25 452.13 304.5
50.3125 443.39 382
82.625 448.74 400.5
264.3125 448.1 425.5
56.1875 442.1 585
228.0625 458.72 503.5
339.5 437.86 383.5
304.8125 446.96 467.5
409.4375 444.17 507
1518.625 259.24 89
1543.75 264.28 170
1576.938 247.87 167
1544.625 283.14 430.5
1537.125 252.06 151
1534.063 251.36 184.5
1505.938 286.96 327.5
1588.375 271.92 321
1521.688 295.26 531
1463.938 297.47 576
1566.813 252.8 115
1509.438 274.84 294.5
1581 272.7 307
1490.188 293.1 556.5
1486.375 268.59 139.5
1551.25 264.68 188
1532.063 282.55 410.5
1483.813 288.73 467.5
1570.813 289.12 481
799.5 349.93 243.5
944.625 341.87 216.5
987.5 323.89 335
872.25 345.24 344
1048.5 322.93 391
1080.375 325.75 450.5
1196.313 350.31 458.5
894.5625 319.74 544
888.6875 328.9 568.5
1065.188 356.28 589.5
1083.188 374.02 598.5
1265.563 328.73 531.5
1429.938 281.75 592
880.8125 343.95 229.5
927.3125 333.23 270.5
854.25 341.08 338.5
1078.563 314.42 372
1077.688 342.74 466.5
1195.75 341.75 454
818.5625 357.78 469
950.9375 313.06 492.5
1048.063 356.8 566
1199.313 344.21 585.5
1262.125 325.5 556.5
971.875 322.75 387
1172.438 310.37 378.5
1109.438 318.05 436
914 330.01 236
886.8125 347.55 395.5
941.625 326.95 406
871.8125 338.28 522
886.625 329.92 562.5
1100.438 329.69 452.5
1165.063 345.87 487
1192.563 350.46 573
1390.375 291.65 585.5
1190 321.49 58.5
959.4375 324.22 391.5
1153.813 300.07 276
1175.313 302.64 228
1049.5 312.67 364
1226.438 315.56 365
1078.688 310.52 417
845.875 340.46 132
1020.125 338.24 150
1074.25 329.64 136.5
850.75 345.67 234
1018.75 325.32 265.5
848.75 344.86 358
1186.188 335.7 398.5
842.625 352.25 507.5
939.75 345.47 594
1138.813 353.42 513
1038.625 350.54 568.5
1323.375 302.41 83.5
1447.313 283.84 153
1399.063 269.78 274.5
1311.313 313.16 385
1349.375 299.37 502.5
1452.25 301.17 562.5
1164.688 351.74 566
1378.25 286.43 265.5
1330.938 308.91 377.5
1396.688 289 452
1446 297.96 496.5
1049.063 309.97 345
1017.063 319.59 432.5
863.5 342.25 205
812.1875 346.01 316.5
940 332.29 320
820.8125 356.64 476
1020.063 352.15 509.5
1058.75 330.89 457.5
1184.938 346.55 429
1059.75 368.94 595.5
1379.938 302.38 519
1107.063 319.61 88
1240.813 312.46 143.5
1047.938 319.14 280.5
1249.25 309.65 207.5
1135.75 302.52 349
1171.125 323.74 397.5
1028.625 311.96 423
847.375 337.75 71.5
944.5 344.99 139.5
1134.938 331.32 59
888.5 345.25 227.5
941.8125 338.74 233
883.5625 335.75 381
1029.313 330.87 338.5
849.6875 336.76 499.5
936.625 358.08 564.5
1130.75 355.9 499
1231.188 355.45 541
1449.688 299.73 3
1374.188 298.4 112.5
1307.438 296 233.5
1370.813 295.28 329
1385.875 295.8 478
1380.75 300.94 570
1196.875 351.13 571
1357 295.43 228.5
1385.625 291.85 331
1386.75 299.72 450
1306.813 312.73 583
862.1875 342.94 244
922.8125 339.77 286.5
987.375 333 276
866.25 342.95 399
1033.75 321.96 351
1150.188 302.73 341
1137.125 313.93 411.5
896.375 326.4 530.5
864.6875 323.4 554.5
1058.375 356.94 559.5
1129.313 360.32 513.5
1257.75 323.89 501
1361.125 308.94 574.5
882.125 343.31 164.5
928.3125 330.97 317
973.875 338.55 292.5
856.5 345.51 437
1017.438 327.31 369.5
1132.438 304.44 364
1166 328.8 420.5
888.1875 321.51 466.5
943.4375 335.07 531
1035.938 345.75 543.5
1115.563 353.45 537
1214.25 346.61 571
1452.438 291.77 551.5
1613.063 267.59 40.5
1835.375 236.47 34
1709.063 234.15 174
1608.563 261.78 322.5
1652.75 253.18 135.5
1763.063 232.13 149.5
1850.125 241.6 61
1936.063 237.25 107
2046.125 233.81 137
2197.188 235.6 32.5
2130.688 219.19 122
2230.938 202.34 141
1645.063 227.76 237.5
1757.438 218.18 286
1601.563 270.28 366.5
1753.188 208.47 402.5
1684.938 250.27 441
1807.125 208.63 515.5
1901.125 229.51 186.5
1947.25 232.74 232
1873.688 216.35 312.5
1935.875 199.44 423.5
1973.563 216.37 370.5
2229.438 184.92 240
2165.438 156.73 422.5
2303.25 131.77 426.5
2090.25 210.71 256.5
1825 182.92 479.5
2016.188 187.17 445
1964.438 159.16 593.5
2094.938 170.62 466.5
2333.063 116.18 562.5
2114.688 138.75 588
2375.625 172.5 117
2387.813 133.09 377
1772.125 260.35 4
1809.563 226.93 164.5
1645.688 243.23 268
1647.563 253.55 362.5
1655.813 258.01 76
1812.625 236.25 113.5
1835.938 239.55 97.5
1938.688 235.68 152.5
2042.938 234.94 164.5
2163.938 229.23 27
2096.375 224.36 109
2237.625 204.96 115.5
1741.188 240.39 167.5
1770.063 232.23 290.5
1734.938 198.88 319
1811.375 181.68 443.5
1703.938 244.69 453.5
1682.938 243.2 588.5
1825.313 209.88 265
2057.125 229 229
1918.063 220.14 307.5
1986 223.72 350.5
2262.625 186.86 177.5
2201.25 162.61 347.5
2336.75 152.79 328.5
2092.313 234.65 186
2171 192.67 304
1910.938 180.68 545.5
2027.938 167.57 521.5
1824.938 213.13 598.5
2162.188 145.88 558.5
2265.125 138.36 540
2363.438 152.48 160.5
2367.063 128.28 329
537.8125 397.43 643
615.25 366.68 616.5
622.5 370.25 661
710.25 367.54 715
489.4375 408.36 745
566.6875 382.17 725.5
745.1875 364.71 791.5
646 394.02 780
675.8125 387.15 878
544.4375 400.02 669
677.3125 361.2 706
742.8125 355.64 704
546.375 403.22 759.5
471.125 450.03 879.5
738.5 365.98 839.5
603.25 392.86 759.5
560.5625 430.35 876
578.125 383.96 665.5
749.5 332.25 608.5
468.9375 418.53 834.5
524 395.03 729
691.6875 353.58 675.5
722.125 378.22 751.5
612.9375 416.08 897
641.6875 398.3 854.5
778.3125 360.99 881.5
693.6875 360.76 655
477.875 400.33 777
554.0625 395.25 697
751.8125 367.08 694.5
498.625 425.22 834.5
722.0625 380.34 851
768.125 363.61 836
539.875 406.31 627
781.6875 354.19 615.5
586.375 375.22 682.5
533.4375 407.67 780
722 367.2 724
541 439.56 855.5
739.875 372.55 814.5
762.5 362.32 755
628.5 370.87 646
742.875 351.88 650.5
594.6875 373.9 694
603.5 399.5 766
694.125 385.67 743
568.5625 432.38 885.5
773.3125 348.1 690.5
529.4375 397.72 703.5
628.375 361.1 664.5
614.125 373.42 721.5
716.5 365.63 685.5
495.1875 392.04 776.5
539.9375 393.85 745.5
621.8125 411.96 834
752.8125 360.1 847
650.0625 391.5 862.5
511.625 395.93 659.5
639.8125 365.36 617
573.375 386.31 686
758.0625 337.27 625
466.375 416.52 778.5
574.4375 396.07 758.5
626.9375 411.24 842
764.6875 362.51 830.5
616.75 414.08 884.5
520.1875 447.9 928
779.1875 381.86 929.5
563.75 451.42 966
472.5 454.09 1135.5
733.3125 374.35 1062
545.375 444.43 1115
685.25 385.1 1088
677.25 393.51 1122
517.4375 459.87 978
605.125 422.43 911.5
470.375 456.33 1021
464.1875 445.69 1181
575.0625 444.99 1047
614.125 434.44 1087
590.125 426.1 1181.5
751.375 383.02 1143.5
476.5 453.45 980.5
599.25 423.3 937
723.5625 358.68 978
651.25 397.76 1033
597.5625 430.28 1189.5
653.9375 398.99 1092
761.1875 368.33 981.5
517.125 450.35 1198
470 450.4 1095.5
610.8125 428.49 1045.5
641 406.77 946.5
541.4375 441.31 1150.5
627.1875 421.03 1113.5
778.375 381.31 1042
575.4375 437.51 912
529 451.01 948.5
567.6875 450.47 1023.5
644.5 403.51 955.5
516.25 447.72 1128
729.625 377.43 1098
687.9375 403.36 1156.5
752.75 382.97 1139
465.1875 453.66 966.5
541.25 453.13 1044
728.4375 382.08 1022
499.9375 452.08 1168
650.9375 418.77 1113.5
762.875 370.98 955.5
574.3125 435.52 957
739.25 359.73 934
593.5625 436.17 1076.5
687.6875 385.72 1015
586.4375 432.86 1147.5
708.9375 407.83 1183
491.125 464.03 937
515.0625 452.43 1162
542.8125 440.72 1153.5
741.3125 357.55 902.5
639.3125 419.3 1051
734.25 362.55 1029.5
785.5 376.09 1096
683.9375 387.64 1145
501.0625 462.79 961.5
482.1875 450.26 1077.5
573.6875 442.23 1173.5
48.625 447.79 698.5
186.5625 456.08 654
106.5625 448.99 747.5
192.75 463.01 768.5
65.8125 456.76 884
397.0625 439.81 600.5
458.6875 413.05 712
322.1875 456.58 784.5
309.9375 454.89 855.5
130.375 445.26 698.5
197.125 460.1 685.5
88.625 457.03 722.5
272.75 460.38 731.5
177.625 443.83 881.5
394.3125 446.38 667
336.8125 449.61 813.5
434 405.81 834.5
82.0625 449.02 621.5
346.1875 450.05 625
46.75 441.84 666
209.25 457.49 787
199.1875 441.56 887
68.4375 462.56 855
446.75 421.27 694.5
322.3125 449.37 834.5
436.25 414.23 824.5
20.375 444.73 636.5
113.625 444.24 672
263.4375 453.96 657.5
79.875 450.3 733
85.375 453.34 840
199.625 460.03 777.5
344.6875 452.58 713.5
279.4375 454.58 821.5
370.5625 432.76 850
9.875 443.37 630
256.6875 454.29 632
49.9375 447.54 713
108.4375 450.79 749.5
153.625 450.39 866.5
36.8125 465.39 860.5
424.9375 433.25 708
332.4375 449.39 823.5
446.6875 419.66 843
35.8125 439.79 646
7.875 457.44 741.5
183.3125 459 656.5
89.125 453.1 775
81.9375 454.85 861.5
221.1875 459.48 674
333.4375 451.14 699
250.125 450.93 836
431.125 425.42 858.5
410.375 437.5 669
406.0625 435.29 833
112.125 444.43 654.5
182.875 453.66 639
294.5625 454.4 632
3 458.58 726.5
93.6875 452.41 834.5
256.625 459.78 816.5
243.8125 457.06 858.5
274.8125 445.6 876.5
389.5625 433.94 758
417.5 419.54 867
53.75 447.55 685.5
195.25 456.46 665
311.8125 453.16 676
83.6875 450.76 738
213.375 458.19 788.5
166.5625 446.8 873
318.25 452.39 813
50.625 454.42 969
312.75 437.52 904
85.3125 456.42 992.5
185.5 455.94 1088.5
284.3125 454.92 1092
336.1875 460.59 1136
134.9375 443.15 929
222.125 436.91 972.5
445.4375 460.27 944
210.5 455.18 1088.5
337.5 464.82 1108.5
313.125 463.31 1164
220.75 453.47 912
202.6875 435.9 946
101.125 458.66 945
329.625 438.64 943.5
378.4375 454.5 1154.5
454.5625 458.11 934.5
372.125 460.91 1120
67.6875 455.93 956.5
211.125 432 930
86.1875 457.26 1167.5
73 458.49 1134
449.1875 460.61 924
299.5 450.35 1163
335.25 459.33 990.5
289.25 457.83 1070.5
219.875 445.01 915.5
210.0625 446.17 963
120.875 457.82 1046.5
321.3125 433.99 936.5
442 455.43 1149
382.4375 465.37 1032
423.6875 461.99 1114
96.375 454.95 1037
181.5 442.04 995.5
137.1875 457.14 1077
0 432.91 1189.5
279.9375 446.51 996
448 444.91 1178
412.375 467 993.5
269.9375 452.23 1189.5
77.625 455.66 920
169.375 447.47 975
226.5625 453.22 1040.5
408.75 462.69 943
275.75 465.14 1060
399.6875 454.72 1142.5
232.8125 428.57 925.5
77.6875 452.25 982
147.3125 450.08 1020
285 438.13 978.5
370.3125 464.95 1047
405.25 463.61 1066
436.625 448.13 1174.5
692.125 404.37 1243.5
655.8125 416.21 1271.5
699 410.02 1304.5
743.9375 410.83 1326
750.6875 435.65 1487
683.0625 403.02 1227.5
643 421.17 1277
794.875 409.28 1316.5
635.3125 412.39 1405.5
467.8125 443.66 1208.5
609.1875 440.23 1278.5
644.375 419.4 1312
655 417.25 1352.5
737.8125 433 1465
746.375 426.84 1477
554.3125 434.09 1223.5
718.625 408.72 1212.5
508.3125 416.31 1382.5
643.25 419.87 1374.5
467 437.57 1583.5
509.5625 443.23 1529
621.375 407.13 1548.5
490.125 445.46 1675.5
656.5 405.93 1672
795.375 429.03 1422.5
463.5625 419.26 1788.5
699.5625 396.7 1758.5
633.1875 419.5 1471.5
716 422.68 1547.5
644.6875 417.85 1630
734.75 410.45 1674
775.3125 430.81 1582.5
517.125 439.86 1755
670.75 394.75 1739
510.1875 441.63 1213.5
588.8125 436.4 1262.5
748.375 400.07 1311
689.875 416.06 1334.5
778.625 387.59 1219
781.0625 429.99 1496
509.5625 438.01 1303.5
637.5625 419.04 1324
490.4375 434.51 1446.5
693.5625 423.99 1378
542.375 443.54 1457
630.3125 428.08 1496
720.3125 413.53 1557
600.25 409.49 1715
696.875 409.63 1657.5
793.4375 429.62 1513
480.8125 445.33 1729.5
698.5 395.02 1774.5
609.4375 410.92 1566.5
698.9375 411.62 1528
659.1875 404.54 1621.5
678.25 412.52 1694
786.5625 442.07 1502
489.75 446.12 1721.5
650.8125 396.32 1740.5
661.75 398.96 1201
573.1875 439.91 1229.5
620.125 417.59 1362
710.1875 423.02 1331
740.75 435.42 1401.5
555.75 437.41 1237
495.9375 444.91 1204.5
655.1875 424.35 1334.5
665.625 425.75 1351
789 423.19 1399.5
437.5625 443.87 1226
448 439.34 1284.5
218.1875 447.35 1209
89.375 413.16 1328
191.25 421.47 1375
58.6875 388.94 1563.5
168.375 388.41 1523.5
113 384.1 1635
342.3125 441.49 1233
360.4375 443.75 1306
329.0625 418.3 1377
426.1875 430.74 1337.5
269.75 388.52 1552
363.8125 404.17 1461.5
288.1875 388.95 1582.5
400.9375 425.67 1622.5
16.8125 386.02 1790
237.25 399.93 1774.5
454.375 426.83 1786
59.5625 412.3 1292
216.25 439.4 1255
146.25 419.45 1349.5
83.25 388.44 1446.5
105.375 384.98 1552
43.5625 386.66 1661.5
279.125 452.21 1206.5
406.125 444.66 1206.5
348.3125 425.36 1365
384.1875 431.61 1346.5
228.375 384.01 1557
401.9375 419.96 1515
233.375 392.03 1600
386.1875 425 1588
27 385.67 1717
254.1875 395.91 1760
436.625 420.45 1784.5
1524.438 273.98 651
1511.688 277.25 754
1503.5 271.36 878
1489 280.76 737
1516.688 279.87 819.5
1532.75 282.88 643
1488 283.73 775
1547.563 276.79 823.5
1589.25 265.05 627
1470.313 273.17 867.5
1546 279.41 839.5
1504.063 277.39 742
1590.813 269.52 700
1530.375 290.41 626
1515.625 272.91 762.5
1594.625 259.58 814.5
1475.25 284.06 708
1538.313 279.1 777
1595.938 271.43 780
1578.375 271.72 678
1579.938 266.43 850.5
1562.313 256.63 929.5
1562.938 240.7 1151.5
1519.625 251.52 1091
1517.875 263.84 997
1591.313 234.91 1144.5
1544.188 259.82 1199.5
1485.938 276.38 959
1491.875 273.36 1099.5
1586.875 238.49 1131
1500.813 270.71 987
1498.188 266.06 1156
1548.313 250.41 1197.5
1507.75 266.33 1037
1578.063 248.71 1013
1499 271.54 911.5
1533.313 251.94 1169.5
1550.938 263.08 958.5
1564.938 254.3 986
1524.375 256.61 998.5
1479.688 267.55 1164
1476.25 278.7 968
1577.25 252.81 995
1470.063 270.62 1183.5
850.125 332.63 639
934.0625 360.4 704.5
997.25 378.7 725
1205.625 359.68 611
1305.625 313.89 675
841.3125 360.17 739
882.9375 379.77 833.5
1054.25 375.43 811
985.25 385.05 766.5
1107.188 366.42 806
1231.75 341.84 780.5
1154.375 354.71 872.5
1371.375 285.03 701
1355.188 289.1 808
873.625 336.84 611.5
930.125 365.27 700
956.9375 383.22 726.5
1207.625 354.72 605.5
1211.813 351 663
924.625 372.3 759.5
978.75 375.62 776.5
873.25 376.68 877.5
1086.25 363.26 782
1159.625 360.74 831.5
1256.375 331.44 806.5
1377.563 296.04 651
1448.125 277.89 792
805.4375 335.03 621.5
962.875 351.39 632
1248.75 331.88 601.5
861.875 359.94 726.5
954.6875 362.62 687
979.9375 381.93 770
960.5 376.55 843
1115.5 362.34 706
1218.688 351.61 682.5
1224.563 340.27 753.5
1152 358.5 812
1321.5 317.81 650.5
1362.375 309.45 682.5
1340.563 297.87 863
834.5 338.8 659
1151.938 355.43 607
823.5 338.57 703
928.875 357.64 695.5
1011.688 371.36 742.5
904.625 383.19 899.5
1121.313 368.76 797
1182.688 362.3 751
1131.063 366.96 891.5
1443.438 287.67 611.5
1298.313 314.84 822.5
1262.063 331.36 667
1138.875 367.66 782
1265.688 330.23 746
1149.188 353.47 878.5
1333.625 301.68 660
1376 290.73 730
1327.063 315.26 856.5
862.1875 338.6 665.5
975.875 361.53 667.5
1217.125 343.33 621.5
814.5 356.04 789
957.375 368.95 732
829.6875 362.88 836.5
909.3125 379.42 887
1036.375 371.95 802
1260.625 332.71 704.5
1088.625 377.51 809.5
1256.938 348.77 826
1420.063 290.81 676.5
1417.375 285.46 745.5
1459.188 281.26 854.5
969.5 359.57 655.5
1206.938 348.29 650
847.5 361.72 768.5
942.75 372.01 775
915.3125 387.83 840.5
1047.938 377.12 785
1165.75 358.69 749.5
1191.313 346.05 813
1429.625 290.21 668
1307.438 312.7 869.5
1249.688 337.59 647
1132.375 365.46 773.5
1252.313 340.58 794
1186.313 347.37 823
1350.25 308.32 641
1319.063 304.26 758.5
1348.438 284.89 862
908.5 337.14 621.5
895.625 365.45 663
956.375 358.69 678
1160.625 352.05 626
1235.313 343.5 658
1447.563 284.32 645.5
829.9375 358.3 740
867.25 376.94 747.5
961.125 378.79 764
970.6875 374.28 880
1150.563 357.19 767.5
1063.813 379.18 819.5
1300.438 314.35 826.5
1358.625 297.79 734.5
1326.563 301.05 881
866.5625 340.33 635
955.5 364.53 616.5
1004.313 363.34 705
1077 363.14 693
1204.438 357.61 680.5
1357.125 308.13 675.5
907.5625 369.2 736
992.4375 374.64 763.5
941.4375 379.05 838.5
1105 365.29 785
1187.625 357.3 822
1274.563 333.71 753
1217.25 340.98 865
1345.188 286.5 854
832.3125 377.5 938.5
1030.375 370.53 964.5
1090.438 362.72 966
1217.25 345.88 955
1420 282.76 986
1048 365.89 1011.5
906.125 378 1179.5
854.1875 381.13 1004
806.625 391.13 1142.5
1194.25 337.21 1124.5
1309.25 319.86 1021
1128.375 370.19 1185
1289.938 313.32 1130
1331.875 303.96 1139.5
847.625 378.38 938
1044.188 371.91 937
1097.563 370.3 955.5
1218.125 336.8 966.5
933 374.88 1061
985 363.75 1111
947.125 372.77 1156
844.125 384.17 1058.5
1096.75 364.1 998.5
1326.188 296.55 1024
1231.75 331.93 1069
1296.813 305.56 1169.5
1434.375 283.29 1065
1427.563 284.85 1158.5
1029.688 366.28 908.5
846.1875 382.91 990.5
995.1875 382.13 983
865.125 390.77 1121
990.375 367.35 1074.5
1042.688 371.45 952
1125.563 346.02 1040
1166.688 346.87 1045
1121 347.55 1111
1195.5 344.71 1097
1392.5 279.79 926.5
1370.188 287.86 1057.5
1353.938 289.44 1107.5
1451.688 268.23 1200
1196.438 362.05 925
904 378.41 945
861.6875 390.01 1097.5
906.875 385.06 1178
1051.5 370.91 1048.5
1198.813 339.44 1025.5
1143.313 370.6 1168.5
1044.063 372.2 911
913.9375 380.85 1065
920.6875 381.27 1074
962.125 373.7 1148
1115.875 347.52 1054.5
1180.313 341.49 1018.5
1036.938 359.1 1173.5
1145.563 365.23 1159
1397.688 280.49 958
1317.75 309.85 1106.5
1444.875 287.27 1112
911.25 386.85 925
1266.688 330.69 931
889.1875 377.76 995
968.6875 376.58 1021.5
918.875 384.76 1094.5
988.6875 371.5 1166.5
1036.563 362.21 1059
1233.125 339.69 998
1095.125 354.62 1083.5
1176.25 342.79 1090
1316.75 314.69 924
1383.125 286.32 1060.5
1352.563 293.72 1130.5
1287.625 325.06 914
1196.625 355.85 928.5
951.5 374.34 968.5
876.875 375.85 1129
912.125 378.42 1157.5
1044.438 379.57 1034.5
1187.875 340.98 1055
1145.875 347.27 1134.5
1022.688 378.57 923
939.75 374.54 1063.5
888.5 384.17 1088
1030.563 365.6 983
1205.188 342.42 953.5
1233 332.9 1047.5
1106.5 361.39 1153.5
1224.25 346.11 1175.5
1301.375 315.32 1035.5
1375.5 283.53 1108
1282.938 326.71 907.5
1050.563 364.75 910.5
1319.75 309.43 917.5
1198.813 342.92 905.5
847.625 381.23 1001.5
905.0625 377.91 1113.5
1046.688 360.28 1063
843.75 388.52 1124
937.25 380.14 1148.5
1153.625 356.65 1005
1239.063 337.72 994
1258.375 314.16 1092.5
1207 356.21 1156
1390.375 279.22 950.5
1453.688 277.94 1008.5
872.1875 376.35 902.5
1007.063 367.53 974.5
1085.5 359 967
1225.875 342.01 945
900.6875 377.16 996.5
1035.063 363.39 1033.5
851.0625 369.67 1182.5
1052.438 357.22 1157
1120.438 367.51 992.5
1127.25 346.77 1102.5
1190.938 336.81 1091.5
1079.688 370.21 1191.5
1373.563 283.63 938.5
1447.188 291.29 1099.5
1326.188 314.01 1172.5
1546.5 222.93 1279.5
1556.438 208.7 1442
1586.813 201.47 1491
1463.813 214.83 1601.5
1486.313 142.61 1775
1558.375 225.58 1250.5
1474.688 225.1 1389
1520.875 216.97 1454
1494 254.42 1215
1513.438 199.49 1603
1527.688 137.82 1747
1499.438 255.65 1216
1504.313 217.16 1437
1576.313 205.67 1397.5
1528.5 207.16 1505.5
1547.188 189.88 1599.5
1581.438 194.76 1476.5
1485.813 243.72 1255.5
1480.625 216.07 1418.5
1574.688 201.16 1419
1470.313 223.04 1589
1592.125 143.66 1664
1572 142.92 1770
1492.188 238.13 1348.5
1575.438 214.25 1337.5
1523.188 168.58 1659
1466.063 206.05 1634
1584.313 130.54 1713
1576.375 131.62 1796
1472.438 241.05 1359
1579.563 216.09 1345
1515.5 207.86 1490
1597.625 182.19 1542.5
1466.688 148.76 1774
1578.063 162.38 1605
1496.813 133.81 1775
1576.188 209.67 1277.5
1488.25 223.8 1398.5
1518.938 208.5 1514.5
1464.563 192.26 1644.5
1468.75 269.39 1202.5
1491.063 134.31 1779.5
1461.438 243.72 1310.5
1533.438 224.37 1345.5
1570.188 199.82 1480.5
1531 192.67 1572.5
908.5625 372.8 1213.5
1191.625 360.85 1243
1073.75 383.77 1253.5
843.0625 400.66 1330.5
1055.75 400.95 1308
1017.563 400.21 1345.5
838 432.77 1474.5
1035.625 408.11 1397
1187.563 359.09 1301.5
1249.563 332.67 1313
1142.063 359.07 1496
1270.625 302.77 1460
1157.375 376.72 1287.5
1130 378 1408
1389.313 237.6 1399
1439.5 251.6 1253.5
1324.25 270.03 1390
1256.313 236.22 1689
1049.938 364.17 1663
960.6875 408.07 1566.5
999.75 401.88 1601.5
1121.5 323.41 1614
1225.188 256.28 1650
1079.875 331.35 1673
1065.688 384.98 1567.5
1372 220.38 1595.5
1357.875 199.99 1667
1343.438 244.32 1539
832.125 380.45 1225
1275.938 311.48 1243.5
878.9375 386.87 1297.5
962.8125 387.75 1298.5
1041.125 387.95 1336
831.125 433.1 1474.5
1008.625 409.75 1417
1149.563 370.03 1317
1260.063 317.69 1312.5
1142.875 373.84 1390
1216.75 330.25 1435
1109.625 381.14 1330
1098.875 388.63 1473.5
1441.25 216.28 1516
1362.938 259.75 1304
1357.313 254.94 1434.5
1280.625 211.31 1754.5
919 421.56 1542
1039 396.62 1546
1176.938 307.59 1568
1227.813 282.02 1579.5
1139.25 299.49 1665.5
1075.375 324.45 1723.5
1364.938 230.22 1548
1447 167.46 1717.5
1359.438 172.09 1749.5
1248.5 310.87 1455
1123.375 314.94 1667
1240.813 262.11 1612
823.25 380.08 1301.5
913.875 388.77 1277.5
870.0625 398.66 1329
951.75 398.27 1342.5
997.5 408.66 1433
1074.875 378.85 1280
1229.125 335.94 1262
1115.625 383.47 1338.5
1068.875 397.9 1429.5
1176.813 364.73 1435
895.5625 416.92 1478
983.9375 401.56 1587
1135.5 358.16 1515
1072.438 395.94 1476.5
1062.063 367.86 1620
1096.75 294.43 1793.5
1388 250.01 1337
1365.625 271.29 1318
1373.563 253.11 1423.5
1414.75 230.52 1375
1328.938 247.26 1506
1300.313 265.43 1478
1362.438 205.92 1664
1319.125 186.6 1743.5
805.375 379.32 1233
947.4375 357.63 1228
871.875 415.38 1379.5
951.6875 407.65 1384
1031.688 396.72 1310.5
801.0625 406.14 1593.5
1235.875 305.42 1522
1218.625 259.76 1659.5
1161.625 285.77 1678
901.25 366.74 1221
928.1875 397.16 1294.5
937.8125 413.21 1376
1072 365.88 1204.5
1099.313 380.15 1300.5
1184.125 359.79 1313
1057.313 403.18 1370.5
1184.313 362.69 1391
864.375 416.81 1505
961.125 411.97 1480.5
867 382.54 1707
900.1875 364.97 1712.5
962.5 393.73 1640
1060.5 395.46 1489
1058.563 376.23 1616.5
1111.563 296.51 1731.5
1135.625 261.98 1765
991.5 359.03 1754
1394.25 251.72 1292
1458.25 255.96 1237
1308.5 282.27 1373
1421.625 220.69 1464
1293.438 248.4 1596
1433.875 216.77 1595
1288.125 219.17 1710.5
1367.25 160.97 1792.5
1226 316.38 1463.5
1118.813 307.9 1664.5
1211.438 293.61 1598
849.0625 385.87 1297
885.1875 385.16 1288.5
857.25 418.08 1386
968 412.71 1359
1015.25 385.64 1251.5
1119.875 375.11 1280.5
1187.563 355.98 1330
1017.375 410.45 1370.5
1195.75 351.15 1339.5
824 427.11 1483.5
985.5625 423.87 1482
1004.813 373.03 1652
1125.813 344.27 1571
1154.875 350.26 1519.5
1052.375 346.1 1691.5
1240.375 223.41 1782
1309.438 316.23 1259.5
1407.375 236.08 1315.5
1330.688 273.73 1400
1441.938 227.89 1445
1317.938 239.03 1597
1437.188 219.77 1546
1295.938 229.14 1690
1365.875 149.39 1797
835.875 368.7 1278.5
1004.188 386.1 1304.5
935.25 409.52 1344.5
1048.813 365.53 1232
814.375 431.7 1525
1264.375 303.86 1427.5
1126.188 311.88 1650
1170.5 299.36 1628.5
837.0625 364.36 1268
947.25 385.14 1280.5
934.375 395.58 1330.5
958.3125 416.1 1443
1092.688 379.33 1269
1170.563 370.96 1312.5
1070.313 397.62 1391.5
1167.938 369.25 1370
820 432.54 1482
991 419.02 1509
834.9375 388.42 1682
902.9375 368.66 1700
903.4375 397.49 1687.5
1036.563 392.21 1528
1040.5 370.63 1638.5
1126.25 287.4 1773.5
861.875 367.42 1751.5
945.0625 340.25 1772.5
1333 289.34 1264.5
1414.688 248.45 1277
1331.625 266.47 1428
1391.75 175.78 1727
1342.375 230.85 1598.5
1278.188 246.04 1631
1436.25 205.28 1657
1277.063 220.46 1745
1029.188 359.43 1210
1236.5 335.57 1219
845.625 372.83 1289
800.3125 420 1377.5
1055.25 380.66 1291.5
1027.063 390.89 1323
807.375 434.44 1497.5
1039.875 400.47 1408
1317.125 279.23 1375.5
1255.438 298.55 1462.5
1073.313 385.14 1266.5
1231.625 349.11 1271.5
1150.375 368.03 1437
1112.188 382.78 1476.5
849.875 427.98 1523.5
985 418.43 1518.5
974 374.34 1675
1211.75 308.05 1527
1151.938 290.82 1675.5
1263.188 243.84 1652.5
1098.813 366.41 1553.5
1070.625 382.07 1559.5
1395.875 176.5 1714
1325.375 288.06 1304.5
1428.063 232.13 1440.5
1378.25 252.8 1422
1323.25 234.81 1627
1437.375 203.3 1658
902.8125 361.81 1239.5
1080.625 375.82 1238
1276.25 320.77 1213.5
799.25 397.43 1295
899 395.52 1320
958.1875 410.43 1359
912.5 429.61 1442.5
926.1875 420.19 1391
929.125 421.8 1466
1300.438 288.08 1414.5
1153.625 376.28 1361.5
1164.188 383.71 1356.5
1219.125 359.34 1329
1103.875 388.81 1408.5
1238.938 325.64 1409
937.4375 408.25 1533
1021.563 378.76 1622.5
1272.75 235.72 1621.5
1155.625 309.19 1653
1277.25 244.76 1660.5
1112.688 354.41 1574
1074.438 380.17 1570
1332.875 167.37 1762
1319.563 301.67 1264.5
1445.938 224.84 1429
1365.313 262.19 1443
1353.813 232.49 1593
1427.375 198.48 1697.5
2343.75 81.31999 674.5
2355.375 94.50999 876
2389.563 96.05 879
2377.75 103.76 859.5
2387.375 92.45 665
1743.375 231.67 781.5
1602.688 266.61 697
1962.25 195.19 876.5
1710.938 244.38 782
1763.063 237.11 897
1622.75 257.09 875
1609.313 266.81 687
1656.5 253.77 873
1875.625 200.43 817.5
1693.5 245.84 681
2007 147.09 654
2114.438 147.22 632
2292.188 111.04 635.5
1605.5 271.75 706
1730.688 241.89 782.5
1734 244.18 855.5
1988.375 177.3 786
1873.438 195.13 699
2091.438 152.6 738.5
2296.125 125 798.5
2141.438 170.66 895.5
2364.813 108.22 892
1678.375 254.32 760
1723.25 243.09 843.5
1964.063 196.53 888
1903.063 185.53 661.5
1838.875 211.23 630.5
2215.938 107.38 626
2346.438 105.83 656.5
1709.375 238.3 713.5
1652.625 256.07 877.5
1977.875 177.07 732.5
2012.938 190.86 872.5
1896.188 197.4 824
2161.313 146.05 778
2288.563 130.71 803.5
2361 85 724.5
1688.563 249.04 730
1615.063 253.31 835
1818.188 222.92 800.5
1927.125 197.57 884.5
1635.938 260.1 786
1835.625 213.48 783
1851.625 210.41 825.5
2229.563 126.54 940.5
2082.813 151.67 1190
2160.125 144.65 1023
2312.875 124.55 1104.5
2396.5 101.44 1022.5
2168.938 148.95 971.5
2361.375 99.34999 1061.5
2153.188 156.66 1035
2260.188 133.62 1142
1717.375 246.15 946.5
1600.75 254.52 950
1724.938 241.76 1015.5
1797 225.58 1135.5
1833.125 206.73 1167.5
1905.125 214.25 976.5
1877.688 216.75 1022.5
1937.438 198.2 1099
2012.063 179.44 1140.5
2065.375 159.03 1188
2204.188 140.83 1023
2116.125 149.39 1146.5
1792.875 230.92 933
1754.75 252.66 1004.5
1796.313 245.47 1034
1673.25 213.69 1197.5
1611.188 263.78 1081.5
2015.75 199.88 938
1896.5 213.67 1074.5
2020.688 191.03 1057.5
2042.688 159.56 1179.5
2131.313 163.02 1041
2127.688 138.45 1177
1702.938 246.98 920
1713.438 241.58 985
1608.563 248.67 1092.5
1787.188 233.05 1098
1940 206.41 920
1989.875 171.53 1174
1925.563 209.17 1038
1854.625 219.59 1131
2002.063 195.41 1106
2074.063 162.32 1125
2305.25 107.3 1106
2381.938 93.96001 1140.5
1607.313 246.62 997
1707.25 244.78 1055.5
1617.875 238.38 1147.5
1765.438 213.93 1148
2290.938 113.05 947
1992.188 187.52 1171
1904.75 226.63 1061
1884 222.05 1091.5
2066.5 183 978.5
2267.875 120.61 1047
2187.188 137.67 1171
2357.688 90.81999 968.5
1618.438 253.38 914.5
1691.938 251.89 965
1745.563 241.26 1041.5
1798 227.11 1141.5
2013.125 196.08 937
2001.688 184.8 1152.5
1915.188 217.9 1030
1921.938 200.22 1145.5
2093.75 178.06 1003.5
2135 157.2 1090.5
2282.563 116.75 1189.5
1614.563 258.08 917
1727.688 245.34 967
1742.375 242.05 1018.5
1744.063 229.8 1103
1993.563 198.29 928
1977.125 186.29 1150
1915.438 211.65 1016
1979.125 193.29 1071
2012.313 198.9 1115.5
2321.75 108.37 1016.5
2103.938 149.89 1165
2262.375 131.4 1179
2382.688 89.44 1158.5
1837.563 230.17 989
1621.813 265.82 1035.5
1802.625 237.19 1009
1684.688 209.3 1164.5
1782 207.2 1194
1985.375 182.13 1183
2112.188 171.74 1106
2147.188 147.85 1139.5
2271.813 107.72 1195.5
1909.375 216.46 1012
1939.875 196.92 1081
1937.75 197.33 1182
1691.313 249.15 969.5
1606.5 240.42 1111
1750.188 243.93 1033
1719.688 250.92 1015
1840.875 204.95 1164.5
2065.25 180.29 1080
2222.188 130.58 1019.5
2266.25 126.7 1120
2316.688 113.58 1157
2004.313 198.26 948
1941.375 204.28 1109.5
1963.938 193.85 1153
2105.75 136.36 1250.5
2135.563 129.79 1229
2044.75 99.68001 1473
1994.25 138.87 1332.5
1892.688 126.97 1459.5
1984.938 130.64 1434
2248.938 91.28 1307
2315.563 73.67 1343.5
2187.813 78.84 1515
2273.5 63.00999 1490
2377.125 80.86 1224.5
1786.5 98.25999 1632.5
1718.938 92.87001 1745.5
1915.625 91.39 1549.5
2051.313 80.88 1573
1878.125 61.20999 1727
2069.875 58.28999 1696.5
2196.813 52.69 1594
2260.5 53.78 1550.5
2221 15.78999 1754.5
2326.75 22.55 1688
2367.938 36.63 1648.5
2101.688 141.99 1269.5
2157.625 118.8 1266
2030.938 99.03999 1510
2098.938 139.11 1293
1973.688 128.78 1434
1976.875 111.46 1499.5
2327.063 74.13 1280.5
2138.875 89.31999 1469.5
2275.688 78.83 1472
2221.438 114.87 1279
2382.25 69.67 1436.5
1763.063 90.05 1719
1739.25 110.82 1665.5
1978.188 78.66 1553
1874.5 69.17 1710.5
1978.25 64.88 1676.5
2235.5 52.53999 1558
2350.125 29.8 1620.5
2221.063 29.49001 1724.5
2244.438 30.06999 1699.5
2082.5 33.44 1796.5
1686 197.28 1245
1648.563 172.25 1390
1610.438 201.06 1340.5
1841.125 179.08 1282
1673.75 151.78 1483
1807 147.75 1401.5
1912.063 180.38 1225
2307.813 99.52998 1222
2256.125 120.71 1230
1906.188 149.61 1329
1928.688 135.75 1393
2024.438 138.48 1363
1855.688 128.87 1480.5
2235.375 105.84 1320
2309.188 72.74001 1320
2214 77.64 1440
2290.125 76.2 1455
2195.938 114.36 1301
2370.563 44.81 1516
1730.75 92.11 1678.5
1780.375 81 1775
1667.75 135.22 1614.5
1639.813 108.09 1776
1882.125 79.72 1646.5
1989 69.86 1621.5
1923.938 63.06999 1711
2094.188 60.87 1668
2180.75 64.25999 1556.5
2240.688 66.81999 1556.5
2145.438 31.42999 1762
2356.5 18.11 1720.5
2378.625 31.09999 1605.5
1660 207.24 1230
1660.625 166.6 1388
1772.625 156.68 1384
1703.313 140.85 1459.5
1601.25 183.91 1485
1813.375 119.7 1476.5
2075.063 133.78 1267.5
2114.875 142.97 1234.5
1993.125 94.90999 1530.5
1857.438 144.9 1384.5
2067.5 139.79 1320.5
1932.875 126.73 1402.5
2229.813 75.39999 1390
2347.313 75.67999 1284.5
2174.313 94.08 1420
2303.625 65.48 1462.5
2165.063 124.23 1295
1825.625 79.50999 1614.5
1833.188 67.84999 1705
1687.063 137.25 1589.5
1753.25 121.26 1566
1701.688 104 1795.5
1923.813 73.03 1621
1873.938 69.36 1669.5
1946.563 65.20999 1733
2165.625 66.38 1555.5
2297.5 30.56999 1635.5
2187.938 26.50999 1678
2261.438 24.03999 1691
1884.5 50.19 1794
2058.438 159.49 1200.5
1707 189.63 1294.5
1665.625 162.98 1358
1741.063 132.89 1461
1780.313 200.84 1215.5
1789.5 115.9 1481
1678.625 141.19 1565
1789.188 82.62 1670
2310.438 59.86 1480
2260.813 49.7 1560.5
2296.063 35.67999 1617.5
1892.5 183.16 1254.5
2027.25 151.95 1278
1906.938 127.3 1459
1899.75 131.34 1434.5
1989.625 140.13 1357
2064.563 149.66 1224.5
2251.375 104.04 1252.5
2197.563 130.91 1245.5
2169.125 80.89 1426
2219.813 66.95999 1431
1804.688 97.37999 1543
1926.25 83.28 1571.5
1799.375 84.17 1721.5
1959.188 72.36 1722
2106.563 62.59 1588.5
2157.563 67.05 1641
2388.375 48.59 1597.5
2373.875 76.78 1257.5
1657 109.71 1754
1895.75 44.42 1788
2220.75 6.429993 1788.5
1761.063 198.32 1208
1684.938 188.99 1269
1677.188 157.33 1354
1637.688 199.5 1215
1641.875 166.98 1492
1750 119.96 1548
1686.375 123.43 1632
1885.25 56.42 1724
1985.5 158.03 1243.5
1836.625 121.58 1469.5
2052.813 120.48 1407.5
1870.5 193.36 1244
2112 144.97 1301.5
2122.875 106.11 1410
2230.813 92.21001 1374.5
1867.25 94.71001 1565.5
1844.938 71.45 1647.5
2013.813 72.37 1636
2140 70.27 1571
1761.313 86.31999 1753
1691.188 200.02 1205.5
1687 192.17 1249
1656.188 179.66 1432.5
1703.375 142.94 1455
1774.625 207.78 1227
1733.063 123.66 1498.5
1688.375 138.46 1546.5
1736.313 108.42 1631
1883.813 61.52 1734.5
2067.688 60.67 1683.5
2257.563 39.74001 1672.5
1857 166.31 1333
1948.25 171.57 1288
1815.063 155.51 1383
1952.438 116.82 1447.5
1805.688 201.46 1222
2174.75 139.05 1226.5
2254.5 99.23 1331.5
2163.563 103.41 1371.5
2279.688 88.31 1375.5
1874.375 113.46 1495.5
2048.938 80.70999 1533
1875.938 76.17999 1668.5
1996.688 76.69 1673
2095.188 75.89 1596
2058 63 1679.5
2387 38.55 1613
2386.625 89.02 1259.5
1634.375 123.56 1775.5
1886.688 53.39 1774.5
2272.438 6.259995 1766.5
2042.438 168.56 1211.5
1717 181.47 1315.5
1791.25 161.33 1370.5
1601.375 209.51 1287
1608.688 172.81 1546.5
1695.938 138.38 1579
1673.563 122.86 1714.5
1908.063 188.74 1231
1933.813 168.2 1295
1866.625 148.92 1361
1956.25 135.42 1380
2094.438 143.68 1255
2237.75 98.81999 1323.5
2133.313 103.52 1451.5
1899.688 96.65999 1534.5
2009.563 88.19 1568
1974.438 76.59 1648.5
2082.313 81.24001 1584
1775.375 82.92 1747
1619.563 205.09 1220.5
1707.438 183 1313.5
1794.25 161.76 1382
1663 156.61 1515
1813.688 147.3 1426
1690.938 137.07 1532.5
1798.188 93.09999 1562
1678.875 115.15 1655
1724.75 114.62 1654
1830.563 76.37 1716.5
1808.313 194.28 1275.5
1939.75 168.11 1248
2147.25 123.08 1251.5
1900.438 200.82 1214.5
1880.25 132.13 1386.5
2065.125 141.39 1287
1898.063 116.26 1457.5
1878.875 128.61 1455
2065.75 88.25999 1488
2151.25 105.03 1376.5
2241.313 102.91 1301
2353.063 82.09999 1359.5
2115.063 83.38 1495.5
2341 71.14 1402
1976.25 46.27 1778
2010.25 95.84999 1522.5
1851 74.42999 1709
1913.313 60.31999 1734.5
2296.438 53.23 1564.5
2128.063 47.31 1699.5
2249.188 32.97 1681
2330.438 19.28999 1764
2331.188 61.67 1531
2382.188 42.3 1528
2342.125 0 1794.5
1807.5 203.57 1210
1782.875 172.9 1338
1679.063 156.56 1499.5
1830.063 130.93 1419.5
1651.625 136.95 1580.5
1788.125 95.21999 1555
1689.938 105.13 1772
1767 94.77998 1652.5
1788.188 74.69 1747.5
1753.438 190.13 1284
1975.938 163.17 1227.5
2288.625 104.18 1233.5
1858.313 180.83 1314.5
1940.938 144.96 1325.5
1993.438 136.69 1351.5
1866.438 127.73 1408.5
2103.625 114.38 1390.5
2344.188 54.34999 1498
2142.688 126.25 1305
2331.25 85.06 1299.5
2235.313 67.23 1426.5
2279.188 82.09 1409.5
1923.438 55.53999 1750
1970 72.49001 1627.5
2056.875 73.89999 1646.5
1969.688 56.98 1751
2205.438 48.88 1568
2312.313 41.17 1623
2176.5 43.72 1748
2356.313 25.23 1748.5
2225.938 60.53999 1588.5
2396.563 49.88 1531
2325.625 1.610001 1794
